x = 8.00, y = -0.09393871096085897
x = 8.30, y = -0.07215838888186107
x = 8.60, y = -0.044870697307919004
x = 8.90, y = -0.011882039543754594
